{
 "cells": [
  {
   "cell_type": "code",
   "execution_count": 2,
   "id": "dcf875e4-a334-4406-820d-d0db8d6e604b",
   "metadata": {},
   "outputs": [],
   "source": [
    "import pinocchio as pin\n",
    "import numpy as np\n",
    "import hppfcl as fcl\n",
    "from pinocchio.visualize import MeshcatVisualizer as Visualizer\n",
    "import time"
   ]
  },
  {
   "cell_type": "code",
   "execution_count": 3,
   "id": "58df9f6c-fe5f-4ff7-bb60-302898edf38a",
   "metadata": {},
   "outputs": [],
   "source": [
    "parent_id = 0\n",
    "arm_mass = 0.7\n",
    "upper_arm_radius = 2e-2\n",
    "upper_arm_length = 0.25\n",
    "lower_arm_radius = 1e-2\n",
    "lower_arm_length = 0.25\n",
    "axis_length = 0.1 # length of the co-ordinate axis rectangle\n",
    "\n",
    "\n",
    "rmodel = pin.Model()\n",
    "rmodel.name = \"Human Arm\"\n",
    "gmodel = pin.GeometryModel()\n",
    "\n",
    "# Joint\n",
    "joint_name = \"Shoulder\"\n",
    "Base_placement = pin.SE3.Identity()\n",
    "Base_id = rmodel.addJoint(parent_id, pin.JointModelSphericalZYX(), Base_placement, joint_name)\n",
    "\n",
    "frame_name = \"imu_arm\"\n",
    "imu_arm_placement = pin.SE3.Identity()\n",
    "imu_arm_placement.rotation = pin.utils.rpyToMatrix(np.pi/2.0,0,0) @ pin.utils.rpyToMatrix(0,0,-np.pi/2.0)\n",
    "imu_arm_placement.translation[2] = -upper_arm_length/2.0\n",
    "imu_arm_frame = pin.Frame(frame_name, Base_id, parent_id, imu_arm_placement, pin.OP_FRAME)\n",
    "rmodel.addFrame(imu_arm_frame)\n",
    "\n",
    "joint_name = \"lower_arm_rotation\"\n",
    "lar = pin.SE3.Identity()\n",
    "lar.rotation = pin.utils.rpyToMatrix(0,0,np.pi/2.0)\n",
    "lar.translation[2] = -lower_arm_length/2\n",
    "lar_id = rmodel.addJoint(Base_id, pin.JointModelRZ(), lar, joint_name)\n",
    "\n",
    "joint_name = \"Elbow\"\n",
    "elbow_placement = pin.SE3.Identity()\n",
    "elbow_placement.translation[2] = -upper_arm_length/2.0\n",
    "elbow_id = rmodel.addJoint(lar_id, pin.JointModelRY(), elbow_placement, joint_name)\n",
    "\n",
    "frame_name = \"Hand\"\n",
    "hand_placement = pin.SE3.Identity()\n",
    "hand_placement.rotation = pin.utils.rpyToMatrix(0,np.pi/2.0,0.0) @ pin.utils.rpyToMatrix(np.pi/2.0,0.0, 0)\n",
    "hand_placement.translation[2] = -lower_arm_length\n",
    "hand_frame = pin.Frame(frame_name, elbow_id, lar_id, hand_placement, pin.OP_FRAME)\n",
    "hand_id = rmodel.addFrame(hand_frame)\n",
    "\n",
    "# Upper Arm\n",
    "upper_arm1_inertia = pin.Inertia.FromCylinder(arm_mass/2.0, upper_arm_radius, upper_arm_length/2.0)\n",
    "upper_arm1_placement = Base_placement.copy()\n",
    "upper_arm1_placement.translation[2] = -upper_arm_length/4.0\n",
    "rmodel.appendBodyToJoint(Base_id, upper_arm1_inertia, upper_arm1_placement)\n",
    "\n",
    "geom_name = \"Upper Arm1\"\n",
    "shape = fcl.Cylinder(upper_arm_radius, upper_arm_length/2.0)\n",
    "shape_placement = upper_arm1_placement.copy()\n",
    "\n",
    "geom_obj = pin.GeometryObject(geom_name, Base_id, shape, shape_placement)\n",
    "geom_obj.meshColor = np.array([1.,1.,1.,1.])\n",
    "gmodel.addGeometryObject(geom_obj)\n",
    "\n",
    "# Upper Arm2\n",
    "upper_arm2_inertia = pin.Inertia.FromCylinder(arm_mass/2, lower_arm_radius, upper_arm_length/2)\n",
    "upper_arm2_placement = lar.copy()\n",
    "upper_arm2_placement.translation[2] = -lower_arm_length/4.0\n",
    "rmodel.appendBodyToJoint(lar_id, upper_arm2_inertia, upper_arm2_placement)\n",
    "\n",
    "geom_name = \"Upper Arm2\"\n",
    "shape = fcl.Cylinder(lower_arm_radius, lower_arm_length/2.0)\n",
    "shape_placement = upper_arm2_placement.copy()\n",
    "\n",
    "lower_arm_obj = pin.GeometryObject(geom_name, lar_id, shape, shape_placement)\n",
    "lower_arm_obj.meshColor = np.array([1.,1.,0.,1.])\n",
    "gmodel.addGeometryObject(lower_arm_obj)\n",
    "\n",
    "#Lower Arm2\n",
    "lower_arm_inertia = pin.Inertia.FromCylinder(arm_mass, lower_arm_radius, lower_arm_length)\n",
    "lower_arm_placement = elbow_placement.copy()\n",
    "lower_arm_placement.translation[2] = -lower_arm_length/2.0\n",
    "rmodel.appendBodyToJoint(elbow_id, lower_arm_inertia, lower_arm_placement)\n",
    "\n",
    "geom_name = \"Lower Arm2\"\n",
    "shape = fcl.Cylinder(1.5*lower_arm_radius, lower_arm_length)\n",
    "shape_placement = lower_arm_placement.copy()\n",
    "\n",
    "lower_arm_obj2 = pin.GeometryObject(geom_name, elbow_id, shape, shape_placement)\n",
    "lower_arm_obj2.meshColor = np.array([1.,0.,0.,1.])\n",
    "gmodel.addGeometryObject(lower_arm_obj2)\n",
    "\n",
    "\n",
    "# Hand \n",
    "shape_base = fcl.Box(0.05,0.05,0.05)\n",
    "placement = pin.SE3.Identity()\n",
    "placement.translation[2] = -lower_arm_length - 0.05/2.0\n",
    "hand = pin.GeometryObject(\"hand\", hand_id, elbow_id, shape_base, placement)\n",
    "hand.meshColor = np.array([0.,1.0,1.0,1.])\n",
    "gmodel.addGeometryObject(hand)\n",
    "\n",
    "cmodel = gmodel\n",
    "rdata = rmodel.createData()\n",
    "gdata = gmodel.createData()\n"
   ]
  },
  {
   "cell_type": "code",
   "execution_count": 17,
   "id": "e1ca45c6-999c-4e1d-b7f0-b237b8d2a70c",
   "metadata": {},
   "outputs": [
    {
     "name": "stdout",
     "output_type": "stream",
     "text": [
      "You can open the visualizer by visiting the following URL:\n",
      "http://127.0.0.1:7017/static/\n"
     ]
    },
    {
     "data": {
      "text/html": [
       "\n",
       "            <div style=\"height: 400px; width: 100%; overflow-x: auto; overflow-y: hidden; resize: both\">\n",
       "            <iframe src=\"http://127.0.0.1:7017/static/\" style=\"width: 100%; height: 100%; border: none\"></iframe>\n",
       "            </div>\n",
       "            "
      ],
      "text/plain": [
       "<IPython.core.display.HTML object>"
      ]
     },
     "execution_count": 17,
     "metadata": {},
     "output_type": "execute_result"
    }
   ],
   "source": [
    "viz = Visualizer(rmodel, gmodel, cmodel)\n",
    "viz.initViewer(open=False)\n",
    "viz.loadViewerModel()\n",
    "viz.initializeFrames()\n",
    "\n",
    "viz.viewer.jupyter_cell()"
   ]
  },
  {
   "cell_type": "code",
   "execution_count": 18,
   "id": "11701a2c-417c-438c-80e9-f9b1c64142dc",
   "metadata": {},
   "outputs": [],
   "source": [
    "q = np.array([0,-np.pi/2.0,0.0,0.0, 0.0])\n",
    "pin.framesForwardKinematics(rmodel, rdata, q)\n",
    "pin.updateFramePlacements(rmodel, rdata)\n",
    "viz.display_frames = True\n",
    "viz.display(q)\n",
    "time.sleep(0.1)"
   ]
  },
  {
   "cell_type": "code",
   "execution_count": 20,
   "id": "a90dc38b-63e9-4ace-a87b-cf401d5b535a",
   "metadata": {},
   "outputs": [
    {
     "name": "stdout",
     "output_type": "stream",
     "text": [
      "[[ 5.71378150e+04  1.14938042e-16 -4.94820715e+04 -2.85701680e+04\n",
      "  -1.81898940e-11]\n",
      " [ 1.14938042e-16  8.56693093e+00 -6.86958944e-15 -1.34107193e-16\n",
      "  -2.16651397e-14]\n",
      " [-4.94820715e+04 -6.86958944e-15  4.28911573e+04  2.47421274e+04\n",
      "   9.75711150e+01]\n",
      " [-2.85701680e+04 -1.34107193e-16  2.47421274e+04  3.33333333e+04\n",
      "   1.27329258e-11]\n",
      " [-1.81898940e-11 -2.16651397e-14  9.75711150e+01  1.27329258e-11\n",
      "   3.12241611e+02]]\n",
      "[[ 5.71277331e+04  3.44759741e-16 -4.94718851e+04 -2.85676473e+04\n",
      "  -7.27595761e-12]\n",
      " [ 3.44759741e-16  8.56693093e+00 -7.06861054e-15 -4.02300601e-16\n",
      "  -2.16651441e-14]\n",
      " [-4.94718851e+04 -7.06861054e-15  4.28810753e+04  2.47392166e+04\n",
      "   9.75711150e+01]\n",
      " [-2.85676473e+04 -4.02300601e-16  2.47392166e+04  3.33333333e+04\n",
      "   3.63797881e-12]\n",
      " [-7.27595761e-12 -2.16651441e-14  9.75711150e+01  3.63797881e-12\n",
      "   3.12241611e+02]]\n",
      "[[ 5.71126159e+04  6.89351325e-16 -4.94566111e+04 -2.85638673e+04\n",
      "   1.81898940e-11]\n",
      " [ 6.89351325e-16  8.56693093e+00 -7.36700159e-15 -8.04535759e-16\n",
      "  -2.16651617e-14]\n",
      " [-4.94566111e+04 -7.36700159e-15  4.28659581e+04  2.47348515e+04\n",
      "   9.75711150e+01]\n",
      " [-2.85638673e+04 -8.04535759e-16  2.47348515e+04  3.33333333e+04\n",
      "  -5.45696821e-12]\n",
      " [ 1.81898940e-11 -2.16651617e-14  9.75711150e+01 -5.45696821e-12\n",
      "   3.12241611e+02]]\n",
      "[[ 5.70924704e+04  1.14853978e-15 -4.94362565e+04 -2.85588291e+04\n",
      "   3.63797881e-12]\n",
      " [ 1.14853978e-15  8.56693093e+00 -7.76459056e-15 -1.34074476e-15\n",
      "  -2.16652056e-14]\n",
      " [-4.94362565e+04 -7.76459056e-15  4.28458126e+04  2.47290333e+04\n",
      "   9.75711150e+01]\n",
      " [-2.85588291e+04 -1.34074476e-15  2.47290333e+04  3.33333333e+04\n",
      "  -9.09494702e-12]\n",
      " [ 3.63797881e-12 -2.16652056e-14  9.75711150e+01 -9.09494702e-12\n",
      "   3.12241611e+02]]\n",
      "[[ 5.70673057e+04  1.72209305e-15 -4.94108303e+04 -2.85525345e+04\n",
      "  -9.55511938e-31]\n",
      " [ 1.72209305e-15  8.56693093e+00 -8.26114694e-15 -2.01083633e-15\n",
      "  -2.16652935e-14]\n",
      " [-4.94108303e+04 -8.26114694e-15  4.28206479e+04  2.47217635e+04\n",
      "   9.75711150e+01]\n",
      " [-2.85525345e+04 -2.01083633e-15  2.47217635e+04  3.33333333e+04\n",
      "  -3.63087338e-12]\n",
      " [-9.55511938e-31 -2.16652935e-14  9.75711150e+01 -3.63087338e-12\n",
      "   3.12241611e+02]]\n",
      "[[ 5.70371332e+04  2.40972036e-15 -4.93803440e+04 -2.85449854e+04\n",
      "  -3.63797881e-12]\n",
      " [ 2.40972036e-15  8.56693093e+00 -8.85638199e-15 -2.81469594e-15\n",
      "  -2.16654472e-14]\n",
      " [-4.93803440e+04 -8.85638199e-15  4.27904755e+04  2.47130443e+04\n",
      "   9.75711150e+01]\n",
      " [-2.85449854e+04 -2.81469594e-15  2.47130443e+04  3.33333333e+04\n",
      "   1.82609483e-12]\n",
      " [-3.63797881e-12 -2.16654472e-14  9.75711150e+01  1.82609483e-12\n",
      "   3.12241611e+02]]\n",
      "[[ 5.70019668e+04  3.21107257e-15 -4.93448113e+04 -2.85361842e+04\n",
      "  -7.27595761e-12]\n",
      " [ 3.21107257e-15  8.56693093e+00 -9.54994919e-15 -3.75218592e-15\n",
      "  -2.16656931e-14]\n",
      " [-4.93448113e+04 -9.54994919e-15  4.27553090e+04  2.47028779e+04\n",
      "   9.75711150e+01]\n",
      " [-2.85361842e+04 -3.75218592e-15  2.47028779e+04  3.33333333e+04\n",
      "   1.09210418e-11]\n",
      " [-7.27595761e-12 -2.16656931e-14  9.75711150e+01  1.09210418e-11\n",
      "   3.12241611e+02]]\n",
      "[[ 5.69618222e+04  4.12574259e-15 -4.93042481e+04 -2.85261339e+04\n",
      "   7.27595761e-12]\n",
      " [ 4.12574259e-15  8.56693093e+00 -1.03414446e-14 -4.82314559e-15\n",
      "  -2.16660617e-14]\n",
      " [-4.93042481e+04 -1.03414446e-14  4.27151645e+04  2.46912674e+04\n",
      "   9.75711150e+01]\n",
      " [-2.85261339e+04 -4.82314559e-15  2.46912674e+04  3.33333333e+04\n",
      "  -7.27595761e-12]\n",
      " [ 7.27595761e-12 -2.16660617e-14  9.75711150e+01 -7.27595761e-12\n",
      "   3.12241611e+02]]\n",
      "[[ 5.69167179e+04  5.15326595e-15 -4.92586724e+04 -2.85148377e+04\n",
      "  -1.09139364e-11]\n",
      " [ 5.15326595e-15  8.56693093e+00 -1.12304073e-14 -6.02739150e-15\n",
      "  -2.16665882e-14]\n",
      " [-4.92586724e+04 -1.12304073e-14  4.26700601e+04  2.46782158e+04\n",
      "   9.75711150e+01]\n",
      " [-2.85148377e+04 -6.02739150e-15  2.46782158e+04  3.33333333e+04\n",
      "   5.47117907e-12]\n",
      " [-1.09139364e-11 -2.16665882e-14  9.75711150e+01  5.47117907e-12\n",
      "   3.12241611e+02]]\n",
      "[[ 5.68666740e+04  6.29312133e-15 -4.92081046e+04 -2.85022992e+04\n",
      "   1.09139364e-11]\n",
      " [ 6.29312133e-15  8.56693093e+00 -1.22163201e-14 -7.36471756e-15\n",
      "  -2.16673118e-14]\n",
      " [-4.92081046e+04 -1.22163201e-14  4.26200163e+04  2.46637269e+04\n",
      "   9.75711150e+01]\n",
      " [-2.85022992e+04 -7.36471756e-15  2.46637269e+04  3.33333333e+04\n",
      "  -9.10205245e-12]\n",
      " [ 1.09139364e-11 -2.16673118e-14  9.75711150e+01 -9.10205245e-12\n",
      "   3.12241611e+02]]\n",
      "[[ 5.68117133e+04  7.54473124e-15 -4.91525673e+04 -2.84885223e+04\n",
      "   1.09139364e-11]\n",
      " [ 7.54473124e-15  8.56693093e+00 -1.32986102e-14 -8.83489533e-15\n",
      "  -2.16682764e-14]\n",
      " [-4.91525673e+04 -1.32986102e-14  4.25650556e+04  2.46478046e+04\n",
      "   9.75711150e+01]\n",
      " [-2.84885223e+04 -8.83489533e-15  2.46478046e+04  3.33333333e+04\n",
      "  -5.47117907e-12]\n",
      " [ 1.09139364e-11 -2.16682764e-14  9.75711150e+01 -5.47117907e-12\n",
      "   3.12241611e+02]]\n",
      "[[ 5.67518606e+04  8.90746276e-15 -4.90920850e+04 -2.84735116e+04\n",
      "  -1.09139364e-11]\n",
      " [ 8.90746276e-15  8.56693093e+00 -1.44766496e-14 -1.04376742e-14\n",
      "  -2.16695298e-14]\n",
      " [-4.90920850e+04 -1.44766496e-14  4.25052028e+04  2.46304534e+04\n",
      "   9.75711150e+01]\n",
      " [-2.84735116e+04 -1.04376742e-14  2.46304534e+04  3.33333333e+04\n",
      "   5.47828449e-12]\n",
      " [-1.09139364e-11 -2.16695298e-14  9.75711150e+01  5.47828449e-12\n",
      "   3.12241611e+02]]\n",
      "[[ 5.66871427e+04  1.03806283e-14 -4.90266848e+04 -2.84572719e+04\n",
      "   1.45519152e-11]\n",
      " [ 1.03806283e-14  8.56693093e+00 -1.57497565e-14 -1.21727818e-14\n",
      "  -2.16711247e-14]\n",
      " [-4.90266848e+04 -1.57497565e-14  4.24404849e+04  2.46116779e+04\n",
      "   9.75711150e+01]\n",
      " [-2.84572719e+04 -1.21727818e-14  2.46116779e+04  3.33333333e+04\n",
      "  -7.30437932e-12]\n",
      " [ 1.45519152e-11 -2.16711247e-14  9.75711150e+01 -7.30437932e-12\n",
      "   3.12241611e+02]]\n",
      "[[ 5.66175887e+04  1.19634865e-14 -4.89563954e+04 -2.84398083e+04\n",
      "   1.09139364e-11]\n",
      " [ 1.19634865e-14  8.56693093e+00 -1.71171953e-14 -1.40399240e-14\n",
      "  -2.16731175e-14]\n",
      " [-4.89563954e+04 -1.71171953e-14  4.23709309e+04  2.45914835e+04\n",
      "   9.75711150e+01]\n",
      " [-2.84398083e+04 -1.40399240e-14  2.45914835e+04  3.33333333e+04\n",
      "  -9.12336873e-12]\n",
      " [ 1.09139364e-11 -2.16731175e-14  9.75711150e+01 -9.12336873e-12\n",
      "   3.12241611e+02]]\n",
      "[[ 5.65432297e+04  1.36552432e-14 -4.88812480e+04 -2.84211264e+04\n",
      "   7.27595761e-12]\n",
      " [ 1.36552432e-14  8.56693093e+00 -1.85781781e-14 -1.60387858e-14\n",
      "  -2.16755693e-14]\n",
      " [-4.88812480e+04 -1.85781781e-14  4.22965720e+04  2.45698757e+04\n",
      "   9.75711150e+01]\n",
      " [-2.84211264e+04 -1.60387858e-14  2.45698757e+04  3.33333333e+04\n",
      "  -7.29016847e-12]\n",
      " [ 7.27595761e-12 -2.16755693e-14  9.75711150e+01 -7.29016847e-12\n",
      "   3.12241611e+02]]\n",
      "[[ 5.64640990e+04  1.54550522e-14 -4.88012755e+04 -2.84012321e+04\n",
      "  -2.91038305e-11]\n",
      " [ 1.54550522e-14  8.56693093e+00 -2.01318658e-14 -1.81690309e-14\n",
      "  -2.16785454e-14]\n",
      " [-4.88012755e+04 -2.01318658e-14  4.22174413e+04  2.45468604e+04\n",
      "   9.75711150e+01]\n",
      " [-2.84012321e+04 -1.81690309e-14  2.45468604e+04  3.33333333e+04\n",
      "   1.09920961e-11]\n",
      " [-2.91038305e-11 -2.16785454e-14  9.75711150e+01  1.09920961e-11\n",
      "   3.12241611e+02]]\n",
      "[[ 5.63802318e+04  1.73620166e-14 -4.87165132e+04 -2.83801318e+04\n",
      "  -1.45519152e-11]\n",
      " [ 1.73620166e-14  8.56693093e+00 -2.17773683e-14 -2.04303029e-14\n",
      "  -2.16821154e-14]\n",
      " [-4.87165132e+04 -2.17773683e-14  4.21335741e+04  2.45224438e+04\n",
      "   9.75711150e+01]\n",
      " [-2.83801318e+04 -2.04303029e-14  2.45224438e+04  3.33333333e+04\n",
      "   3.68061137e-12]\n",
      " [-1.45519152e-11 -2.16821154e-14  9.75711150e+01  3.68061137e-12\n",
      "   3.12241611e+02]]\n",
      "[[ 5.62916653e+04  1.93751899e-14 -4.86269980e+04 -2.83578322e+04\n",
      "   7.27595761e-12]\n",
      " [ 1.93751899e-14  8.56693093e+00 -2.35137466e-14 -2.28222250e-14\n",
      "  -2.16863531e-14]\n",
      " [-4.86269980e+04 -2.35137466e-14  4.20450076e+04  2.44966327e+04\n",
      "   9.75711150e+01]\n",
      " [-2.83578322e+04 -2.28222250e-14  2.44966327e+04  3.33333333e+04\n",
      "  -3.65929509e-12]\n",
      " [ 7.27595761e-12 -2.16863531e-14  9.75711150e+01 -3.65929509e-12\n",
      "   3.12241611e+02]]\n",
      "[[ 5.61984387e+04  2.14935768e-14 -4.85327691e+04 -2.83343403e+04\n",
      "  -4.36557457e-11]\n",
      " [ 2.14935768e-14  8.56693093e+00 -2.53400133e-14 -2.53444008e-14\n",
      "  -2.16913365e-14]\n",
      " [-4.85327691e+04 -2.53400133e-14  4.19517810e+04  2.44694341e+04\n",
      "   9.75711150e+01]\n",
      " [-2.83343403e+04 -2.53444008e-14  2.44694341e+04  3.33333333e+04\n",
      "   2.20126140e-11]\n",
      " [-4.36557457e-11 -2.16913365e-14  9.75711150e+01  2.20126140e-11\n",
      "   3.12241611e+02]]\n",
      "[[ 5.61005932e+04  2.37161350e-14 -4.84338674e+04 -2.83096635e+04\n",
      "  -1.45519152e-11]\n",
      " [ 2.37161350e-14  8.56693093e+00 -2.72551339e-14 -2.79964146e-14\n",
      "  -2.16971479e-14]\n",
      " [-4.84338674e+04 -2.72551339e-14  4.18539354e+04  2.44408554e+04\n",
      "   9.75711150e+01]\n",
      " [-2.83096635e+04 -2.79964146e-14  2.44408554e+04  3.33333333e+04\n",
      "   1.09849907e-11]\n",
      " [-1.45519152e-11 -2.16971479e-14  9.75711150e+01  1.09849907e-11\n",
      "   3.12241611e+02]]\n",
      "[[ 5.59981717e+04  2.60417760e-14 -4.83303357e+04 -2.82838095e+04\n",
      "  -4.72937245e-11]\n",
      " [ 2.60417760e-14  8.56693093e+00 -2.92580282e-14 -3.07778322e-14\n",
      "  -2.17038740e-14]\n",
      " [-4.83303357e+04 -2.92580282e-14  4.17515139e+04  2.44109043e+04\n",
      "   9.75711150e+01]\n",
      " [-2.82838095e+04 -3.07778322e-14  2.44109043e+04  3.33333333e+04\n",
      "   2.75193202e-11]\n",
      " [-4.72937245e-11 -2.17038740e-14  9.75711150e+01  2.75193202e-11\n",
      "   3.12241611e+02]]\n",
      "[[ 5.58912190e+04  2.84693665e-14 -4.82222187e+04 -2.82567865e+04\n",
      "  -1.45519152e-11]\n",
      " [ 2.84693665e-14  8.56693093e+00 -3.13475716e-14 -3.36882006e-14\n",
      "  -2.17116053e-14]\n",
      " [-4.82222187e+04 -3.13475716e-14  4.16445612e+04  2.43795889e+04\n",
      "   9.75711150e+01]\n",
      " [-2.82567865e+04 -3.36882006e-14  2.43795889e+04  3.33333333e+04\n",
      "   7.36122274e-12]\n",
      " [-1.45519152e-11 -2.17116053e-14  9.75711150e+01  7.36122274e-12\n",
      "   3.12241611e+02]]\n",
      "[[ 5.57797818e+04  3.09977302e-14 -4.81095628e+04 -2.82286030e+04\n",
      "  -1.45519152e-11]\n",
      " [ 3.09977302e-14  8.56693093e+00 -3.35225962e-14 -3.67270495e-14\n",
      "  -2.17204369e-14]\n",
      " [-4.81095628e+04 -3.35225962e-14  4.15331241e+04  2.43469175e+04\n",
      "   9.75711150e+01]\n",
      " [-2.82286030e+04 -3.67270495e-14  2.43469175e+04  3.33333333e+04\n",
      "   1.10063070e-11]\n",
      " [-1.45519152e-11 -2.17204369e-14  9.75711150e+01  1.10063070e-11\n",
      "   3.12241611e+02]]\n",
      "[[ 5.56639085e+04  3.36256486e-14 -4.79924163e+04 -2.81992676e+04\n",
      "   1.45519152e-11]\n",
      " [ 3.36256486e-14  8.56693093e+00 -3.57818925e-14 -3.98938910e-14\n",
      "  -2.17304677e-14]\n",
      " [-4.79924163e+04 -3.57818925e-14  4.14172508e+04  2.43128991e+04\n",
      "   9.75711150e+01]\n",
      " [-2.81992676e+04 -3.98938910e-14  2.43128991e+04  3.33333333e+04\n",
      "  -7.37543360e-12]\n",
      " [ 1.45519152e-11 -2.17304677e-14  9.75711150e+01 -7.37543360e-12\n",
      "   3.12241611e+02]]\n",
      "[[ 5.55436492e+04  3.63518631e-14 -4.78708290e+04 -2.81687895e+04\n",
      "   2.54658516e-11]\n",
      " [ 3.63518631e-14  8.56693093e+00 -3.81242106e-14 -4.31882206e-14\n",
      "  -2.17418011e-14]\n",
      " [-4.78708290e+04 -3.81242106e-14  4.12969915e+04  2.42775425e+04\n",
      "   9.75711150e+01]\n",
      " [-2.81687895e+04 -4.31882206e-14  2.42775425e+04  3.33333333e+04\n",
      "  -1.65556457e-11]\n",
      " [ 2.54658516e-11 -2.17418011e-14  9.75711150e+01 -1.65556457e-11\n",
      "   3.12241611e+02]]\n",
      "[[ 5.54190557e+04  3.91750761e-14 -4.77448525e+04 -2.81371782e+04\n",
      "  -3.27418093e-11]\n",
      " [ 3.91750761e-14  8.56693093e+00 -4.05482618e-14 -4.66095177e-14\n",
      "  -2.17545442e-14]\n",
      " [-4.77448525e+04 -4.05482618e-14  4.11723979e+04  2.42408573e+04\n",
      "   9.75711150e+01]\n",
      " [-2.81371782e+04 -4.66095177e-14  2.42408573e+04  3.33333333e+04\n",
      "   2.38955522e-11]\n",
      " [-3.27418093e-11 -2.17545442e-14  9.75711150e+01  2.38955522e-11\n",
      "   3.12241611e+02]]\n",
      "[[ 5.52901813e+04  4.20939525e-14 -4.76145400e+04 -2.81044433e+04\n",
      "  -7.27595761e-12]\n",
      " [ 4.20939525e-14  8.56693093e+00 -4.30527200e-14 -5.01572459e-14\n",
      "  -2.17688086e-14]\n",
      " [-4.76145400e+04 -4.30527200e-14  4.10435235e+04  2.42028531e+04\n",
      "   9.75711150e+01]\n",
      " [-2.81044433e+04 -5.01572459e-14  2.42028531e+04  3.33333333e+04\n",
      "   3.70192765e-12]\n",
      " [-7.27595761e-12 -2.17688086e-14  9.75711150e+01  3.70192765e-12\n",
      "   3.12241611e+02]]\n",
      "[[ 5.51570810e+04  4.51071218e-14 -4.74799461e+04 -2.80705949e+04\n",
      "  -2.53726627e-29]\n",
      " [ 4.51071218e-14  8.56693093e+00 -4.56362237e-14 -5.38308542e-14\n",
      "  -2.17847097e-14]\n",
      " [-4.74799461e+04 -4.56362237e-14  4.09104232e+04  2.41635400e+04\n",
      "   9.75711150e+01]\n",
      " [-2.80705949e+04 -5.38308542e-14  2.41635400e+04  3.33333333e+04\n",
      "  -7.10542736e-15]\n",
      " [-2.53726627e-29 -2.17847097e-14  9.75711150e+01 -7.10542736e-15\n",
      "   3.12241611e+02]]\n",
      "[[ 5.50198112e+04  4.82131790e-14 -4.73411271e+04 -2.80356434e+04\n",
      "  -7.27595761e-12]\n",
      " [ 4.82131790e-14  8.56693093e+00 -4.82973766e-14 -5.76297770e-14\n",
      "  -2.18023672e-14]\n",
      " [-4.73411271e+04 -4.82973766e-14  4.07731534e+04  2.41229283e+04\n",
      "   9.75711150e+01]\n",
      " [-2.80356434e+04 -5.76297770e-14  2.41229283e+04  3.33333333e+04\n",
      "   7.10542736e-14]\n",
      " [-7.27595761e-12 -2.18023672e-14  9.75711150e+01  7.10542736e-14\n",
      "   3.12241611e+02]]\n",
      "[[ 5.48784298e+04  5.14106870e-14 -4.71981407e+04 -2.79995994e+04\n",
      "  -2.91038305e-11]\n",
      " [ 5.14106870e-14  8.56693093e+00 -5.10347504e-14 -6.15534351e-14\n",
      "  -2.18219047e-14]\n",
      " [-4.71981407e+04 -5.10347504e-14  4.06317720e+04  2.40810285e+04\n",
      "   9.75711150e+01]\n",
      " [-2.79995994e+04 -6.15534351e-14  2.40810285e+04  3.33333333e+04\n",
      "   1.84883220e-11]\n",
      " [-2.91038305e-11 -2.18219047e-14  9.75711150e+01  1.84883220e-11\n",
      "   3.12241611e+02]]\n",
      "[[ 5.47329962e+04  5.46981778e-14 -4.70510460e+04 -2.79624739e+04\n",
      "  -3.63797881e-12]\n",
      " [ 5.46981778e-14  8.56693093e+00 -5.38468855e-14 -6.56012363e-14\n",
      "  -2.18434497e-14]\n",
      " [-4.70510460e+04 -5.38468855e-14  4.04863385e+04  2.40378517e+04\n",
      "   9.75711150e+01]\n",
      " [-2.79624739e+04 -6.56012363e-14  2.40378517e+04  3.33333333e+04\n",
      "  -1.77635684e-12]\n",
      " [-3.63797881e-12 -2.18434497e-14  9.75711150e+01 -1.77635684e-12\n",
      "   3.12241611e+02]]\n",
      "[[ 5.45835711e+04  5.80741544e-14 -4.68999034e+04 -2.79242780e+04\n",
      "  -1.45519152e-11]\n",
      " [ 5.80741544e-14  8.56693093e+00 -5.67322932e-14 -6.97725758e-14\n",
      "  -2.18671338e-14]\n",
      " [-4.68999034e+04 -5.67322932e-14  4.03369134e+04  2.39934089e+04\n",
      "   9.75711150e+01]\n",
      " [-2.79242780e+04 -6.97725758e-14  2.39934089e+04  3.33333333e+04\n",
      "   3.80850906e-12]\n",
      " [-1.45519152e-11 -2.18671338e-14  9.75711150e+01  3.80850906e-12\n",
      "   3.12241611e+02]]\n",
      "[[ 5.44302165e+04  6.15370925e-14 -4.67447745e+04 -2.78850232e+04\n",
      "  -1.81898940e-11]\n",
      " [ 6.15370925e-14  8.56693093e+00 -5.96894570e-14 -7.40668376e-14\n",
      "  -2.18930927e-14]\n",
      " [-4.67447745e+04 -5.96894570e-14  4.01835588e+04  2.39477116e+04\n",
      "   9.75711150e+01]\n",
      " [-2.78850232e+04 -7.40668376e-14  2.39477116e+04  3.33333333e+04\n",
      "   1.29531941e-11]\n",
      " [-1.81898940e-11 -2.18930927e-14  9.75711150e+01  1.29531941e-11\n",
      "   3.12241611e+02]]\n",
      "[[ 5.42729956e+04  6.50854421e-14 -4.65857225e+04 -2.78447214e+04\n",
      "  -2.54658516e-11]\n",
      " [ 6.50854421e-14  8.56693093e+00 -6.27168349e-14 -7.84833942e-14\n",
      "  -2.19214658e-14]\n",
      " [-4.65857225e+04 -6.27168349e-14  4.00263378e+04  2.39007714e+04\n",
      "   9.75711150e+01]\n",
      " [-2.78447214e+04 -7.84833942e-14  2.39007714e+04  3.33333333e+04\n",
      "   1.30597755e-11]\n",
      " [-2.54658516e-11 -2.19214658e-14  9.75711150e+01  1.30597755e-11\n",
      "   3.12241611e+02]]\n",
      "[[ 5.41119728e+04  6.87176297e-14 -4.64228114e+04 -2.78033844e+04\n",
      "  -1.81898940e-11]\n",
      " [ 6.87176297e-14  8.56693093e+00 -6.58128603e-14 -8.30216084e-14\n",
      "  -2.19523966e-14]\n",
      " [-4.64228114e+04 -6.58128603e-14  3.98653151e+04  2.38526005e+04\n",
      "   9.75711150e+01]\n",
      " [-2.78033844e+04 -8.30216084e-14  2.38526005e+04  3.33333333e+04\n",
      "   5.70565817e-12]\n",
      " [-1.81898940e-11 -2.19523966e-14  9.75711150e+01  5.70565817e-12\n",
      "   3.12241611e+02]]\n",
      "[[ 5.39472138e+04  7.24320596e-14 -4.62561066e+04 -2.77610245e+04\n",
      "   1.45519152e-11]\n",
      " [ 7.24320596e-14  8.56693093e+00 -6.89759443e-14 -8.76808332e-14\n",
      "  -2.19860322e-14]\n",
      " [-4.62561066e+04 -6.89759443e-14  3.97005561e+04  2.38032109e+04\n",
      "   9.75711150e+01]\n",
      " [-2.77610245e+04 -8.76808332e-14  2.38032109e+04  3.33333333e+04\n",
      "  -7.48912043e-12]\n",
      " [ 1.45519152e-11 -2.19860322e-14  9.75711150e+01 -7.48912043e-12\n",
      "   3.12241611e+02]]\n",
      "[[ 5.37787852e+04  7.62271162e-14 -4.60856743e+04 -2.77176543e+04\n",
      "   3.27418093e-11]\n",
      " [ 7.62271162e-14  8.56693093e+00 -7.22044775e-14 -9.24604128e-14\n",
      "  -2.20225239e-14]\n",
      " [-4.60856743e+04 -7.22044775e-14  3.95321274e+04  2.37526152e+04\n",
      "   9.75711150e+01]\n",
      " [-2.77176543e+04 -9.24604128e-14  2.37526152e+04  3.33333333e+04\n",
      "  -1.68753900e-11]\n",
      " [ 3.27418093e-11 -2.20225239e-14  9.75711150e+01 -1.68753900e-11\n",
      "   3.12241611e+02]]\n",
      "[[ 5.36067546e+04  8.01011653e-14 -4.59115820e+04 -2.76732864e+04\n",
      "  -7.27595761e-12]\n",
      " [ 8.01011653e-14  8.56693093e+00 -7.54968312e-14 -9.73596837e-14\n",
      "  -2.20620266e-14]\n",
      " [-4.59115820e+04 -7.54968312e-14  3.93600969e+04  2.37008259e+04\n",
      "   9.75711150e+01]\n",
      " [-2.76732864e+04 -9.73596837e-14  2.37008259e+04  3.33333333e+04\n",
      "   7.38964445e-12]\n",
      " [-7.27595761e-12 -2.20620266e-14  9.75711150e+01  7.38964445e-12\n",
      "   3.12241611e+02]]\n",
      "[[ 5.34311908e+04  8.40525562e-14 -4.57338980e+04 -2.76279338e+04\n",
      "   2.91038305e-11]\n",
      " [ 8.40525562e-14  8.56693093e+00 -7.88513599e-14 -1.02377975e-13\n",
      "  -2.21046991e-14]\n",
      " [-4.57338980e+04 -7.88513599e-14  3.91845330e+04  2.36478560e+04\n",
      "   9.75711150e+01]\n",
      " [-2.76279338e+04 -1.02377975e-13  2.36478560e+04  3.33333333e+04\n",
      "  -1.14184218e-11]\n",
      " [ 2.91038305e-11 -2.21046991e-14  9.75711150e+01 -1.14184218e-11\n",
      "   3.12241611e+02]]\n",
      "[[ 5.32521633e+04  8.80796238e-14 -4.55526915e+04 -2.75816096e+04\n",
      "  -1.81898940e-11]\n",
      " [ 8.80796238e-14  8.56693093e+00 -8.22664022e-14 -1.07514610e-13\n",
      "  -2.21507039e-14]\n",
      " [-4.55526915e+04 -8.22664022e-14  3.90055055e+04  2.35937186e+04\n",
      "   9.75711150e+01]\n",
      " [-2.75816096e+04 -1.07514610e-13  2.35937186e+04  3.33333333e+04\n",
      "   1.30597755e-11]\n",
      " [-1.81898940e-11 -2.21507039e-14  9.75711150e+01  1.30597755e-11\n",
      "   3.12241611e+02]]\n",
      "[[ 5.30697425e+04  9.21806898e-14 -4.53680327e+04 -2.75343273e+04\n",
      "  -2.91038305e-11]\n",
      " [ 9.21806898e-14  8.56693093e+00 -8.57402835e-14 -1.12768905e-13\n",
      "  -2.22002072e-14]\n",
      " [-4.53680327e+04 -8.57402835e-14  3.88230847e+04  2.35384270e+04\n",
      "   9.75711150e+01]\n",
      " [-2.75343273e+04 -1.12768905e-13  2.35384270e+04  3.33333333e+04\n",
      "   1.51061386e-11]\n",
      " [-2.91038305e-11 -2.22002072e-14  9.75711150e+01  1.51061386e-11\n",
      "   3.12241611e+02]]\n",
      "[[ 5.28839996e+04  9.63540651e-14 -4.51799923e+04 -2.74861003e+04\n",
      "  -3.63797881e-12]\n",
      " [ 9.63540651e-14  8.56693093e+00 -8.92713168e-14 -1.18140172e-13\n",
      "  -2.22533791e-14]\n",
      " [-4.51799923e+04 -8.92713168e-14  3.86373419e+04  2.34819947e+04\n",
      "   9.75711150e+01]\n",
      " [-2.74861003e+04 -1.18140172e-13  2.34819947e+04  3.33333333e+04\n",
      "   5.52802248e-12]\n",
      " [-3.63797881e-12 -2.22533791e-14  9.75711150e+01  5.52802248e-12\n",
      "   3.12241611e+02]]\n",
      "[[ 5.26950067e+04  1.00598051e-13 -4.49886421e+04 -2.74369424e+04\n",
      "   1.81898940e-11]\n",
      " [ 1.00598051e-13  8.56693093e+00 -9.28578053e-14 -1.23627721e-13\n",
      "  -2.23103932e-14]\n",
      " [-4.49886421e+04 -9.28578053e-14  3.84483490e+04  2.34244355e+04\n",
      "   9.75711150e+01]\n",
      " [-2.74369424e+04 -1.23627721e-13  2.34244355e+04  3.33333333e+04\n",
      "  -9.46442924e-12]\n",
      " [ 1.81898940e-11 -2.23103932e-14  9.75711150e+01 -9.46442924e-12\n",
      "   3.12241611e+02]]\n",
      "[[ 5.25028364e+04  1.04910942e-13 -4.47940544e+04 -2.73868676e+04\n",
      "   3.27418093e-11]\n",
      " [ 1.04910942e-13  8.56693093e+00 -9.64980436e-14 -1.29230857e-13\n",
      "  -2.23714268e-14]\n",
      " [-4.47940544e+04 -9.64980436e-14  3.82561786e+04  2.33657631e+04\n",
      "   9.75711150e+01]\n",
      " [-2.73868676e+04 -1.29230857e-13  2.33657631e+04  3.33333333e+04\n",
      "  -1.70743419e-11]\n",
      " [ 3.27418093e-11 -2.23714268e-14  9.75711150e+01 -1.70743419e-11\n",
      "   3.12241611e+02]]\n",
      "[[ 5.23075618e+04  1.09291027e-13 -4.45963019e+04 -2.73358900e+04\n",
      "   3.63797881e-12]\n",
      " [ 1.09291027e-13  8.56693093e+00 -1.00190319e-13 -1.34948882e-13\n",
      "  -2.24366608e-14]\n",
      " [-4.45963019e+04 -1.00190319e-13  3.80609041e+04  2.33059917e+04\n",
      "   9.75711150e+01]\n",
      " [-2.73358900e+04 -1.34948882e-13  2.33059917e+04  3.33333333e+04\n",
      "  -5.54223334e-12]\n",
      " [ 3.63797881e-12 -2.24366608e-14  9.75711150e+01 -5.54223334e-12\n",
      "   3.12241611e+02]]\n",
      "[[ 5.21092570e+04  1.13736590e-13 -4.43954582e+04 -2.72840238e+04\n",
      "  -2.54658516e-11]\n",
      " [ 1.13736590e-13  8.56693093e+00 -1.03932916e-13 -1.40781099e-13\n",
      "  -2.25062797e-14]\n",
      " [-4.43954582e+04 -1.03932916e-13  3.78625992e+04  2.32451355e+04\n",
      "   9.75711150e+01]\n",
      " [-2.72840238e+04 -1.40781099e-13  2.32451355e+04  3.33333333e+04\n",
      "   1.33297817e-11]\n",
      " [-2.54658516e-11 -2.25062797e-14  9.75711150e+01  1.33297817e-11\n",
      "   3.12241611e+02]]\n",
      "[[ 5.19079962e+04  1.18245915e-13 -4.41915972e+04 -2.72312835e+04\n",
      "   2.54658516e-11]\n",
      " [ 1.18245915e-13  8.56693093e+00 -1.07724112e-13 -1.46726808e-13\n",
      "  -2.25804714e-14]\n",
      " [-4.41915972e+04 -1.07724112e-13  3.76613384e+04  2.31832088e+04\n",
      "   9.75711150e+01]\n",
      " [-2.72312835e+04 -1.46726808e-13  2.31832088e+04  3.33333333e+04\n",
      "  -1.33653089e-11]\n",
      " [ 2.54658516e-11 -2.25804714e-14  9.75711150e+01 -1.33653089e-11\n",
      "   3.12241611e+02]]\n",
      "[[ 5.17038543e+04  1.22817284e-13 -4.39847935e+04 -2.71776837e+04\n",
      "  -3.63797881e-11]\n",
      " [ 1.22817284e-13  8.56693093e+00 -1.11562187e-13 -1.52785310e-13\n",
      "  -2.26594277e-14]\n",
      " [-4.39847935e+04 -1.11562187e-13  3.74571965e+04  2.31202261e+04\n",
      "   9.75711150e+01]\n",
      " [-2.71776837e+04 -1.52785310e-13  2.31202261e+04  3.33333333e+04\n",
      "   1.54827262e-11]\n",
      " [-3.63797881e-11 -2.26594277e-14  9.75711150e+01  1.54827262e-11\n",
      "   3.12241611e+02]]\n",
      "[[ 5.14969064e+04  1.27448981e-13 -4.37751217e+04 -2.71232390e+04\n",
      "   7.27595761e-12]\n",
      " [ 1.27448981e-13  8.56693093e+00 -1.15445418e-13 -1.58955909e-13\n",
      "  -2.27433434e-14]\n",
      " [-4.37751217e+04 -1.15445418e-13  3.72502486e+04  2.30562022e+04\n",
      "   9.75711150e+01]\n",
      " [-2.71232390e+04 -1.58955909e-13  2.30562022e+04  3.33333333e+04\n",
      "  -7.47490958e-12]\n",
      " [ 7.27595761e-12 -2.27433434e-14  9.75711150e+01 -7.47490958e-12\n",
      "   3.12241611e+02]]\n",
      "[[ 5.12872282e+04  1.32139294e-13 -4.35626570e+04 -2.70679642e+04\n",
      "  -2.54658516e-11]\n",
      " [ 1.32139294e-13  8.56693093e+00 -1.19372084e-13 -1.65237909e-13\n",
      "  -2.28324171e-14]\n",
      " [-4.35626570e+04 -1.19372084e-13  3.70405704e+04  2.29911517e+04\n",
      "   9.75711150e+01]\n",
      " [-2.70679642e+04 -1.65237909e-13  2.29911517e+04  3.33333333e+04\n",
      "   9.80548975e-12]\n",
      " [-2.54658516e-11 -2.28324171e-14  9.75711150e+01  9.80548975e-12\n",
      "   3.12241611e+02]]\n",
      "[[ 5.10748955e+04  1.36886515e-13 -4.33474749e+04 -2.70118745e+04\n",
      "  -2.18278728e-11]\n",
      " [ 1.36886515e-13  8.56693093e+00 -1.23340470e-13 -1.71630616e-13\n",
      "  -2.29268506e-14]\n",
      " [-4.33474749e+04 -1.23340470e-13  3.68282377e+04  2.29250896e+04\n",
      "   9.75711150e+01]\n",
      " [-2.70118745e+04 -1.71630616e-13  2.29250896e+04  3.33333333e+04\n",
      "   1.15392140e-11]\n",
      " [-2.18278728e-11 -2.29268506e-14  9.75711150e+01  1.15392140e-11\n",
      "   3.12241611e+02]]\n",
      "[[ 5.08599844e+04  1.41688944e-13 -4.31296511e+04 -2.69549848e+04\n",
      "   2.18278728e-11]\n",
      " [ 1.41688944e-13  8.56693093e+00 -1.27348862e-13 -1.78133344e-13\n",
      "  -2.30268493e-14]\n",
      " [-4.31296511e+04 -1.27348862e-13  3.66133266e+04  2.28580308e+04\n",
      "   9.75711150e+01]\n",
      " [-2.69549848e+04 -1.78133344e-13  2.28580308e+04  3.33333333e+04\n",
      "  -1.15676357e-11]\n",
      " [ 2.18278728e-11 -2.30268493e-14  9.75711150e+01 -1.15676357e-11\n",
      "   3.12241611e+02]]\n",
      "[[ 5.06425711e+04  1.46544888e-13 -4.29092614e+04 -2.68973103e+04\n",
      "  -2.54658516e-11]\n",
      " [ 1.46544888e-13  8.56693093e+00 -1.31395555e-13 -1.84745407e-13\n",
      "  -2.31326218e-14]\n",
      " [-4.29092614e+04 -1.31395555e-13  3.63959134e+04  2.27899906e+04\n",
      "   9.75711150e+01]\n",
      " [-2.68973103e+04 -1.84745407e-13  2.27899906e+04  3.33333333e+04\n",
      "   9.89075488e-12]\n",
      " [-2.54658516e-11 -2.31326218e-14  9.75711150e+01  9.89075488e-12\n",
      "   3.12241611e+02]]\n",
      "[[ 5.04227322e+04  1.51452664e-13 -4.26863817e+04 -2.68388663e+04\n",
      "   1.45519152e-11]\n",
      " [ 1.51452664e-13  8.56693093e+00 -1.35478852e-13 -1.91466127e-13\n",
      "  -2.32443799e-14]\n",
      " [-4.26863817e+04 -1.35478852e-13  3.61760745e+04  2.27209840e+04\n",
      "   9.75711150e+01]\n",
      " [-2.68388663e+04 -1.91466127e-13  2.27209840e+04  3.33333333e+04\n",
      "  -1.13828946e-11]\n",
      " [ 1.45519152e-11 -2.32443799e-14  9.75711150e+01 -1.13828946e-11\n",
      "   3.12241611e+02]]\n",
      "[[ 5.02005441e+04  1.56410603e-13 -4.24610881e+04 -2.67796682e+04\n",
      "  -2.18278728e-11]\n",
      " [ 1.56410603e-13  8.56693093e+00 -1.39597064e-13 -1.98294833e-13\n",
      "  -2.33623389e-14]\n",
      " [-4.24610881e+04 -1.39597064e-13  3.59538864e+04  2.26510264e+04\n",
      "   9.75711150e+01]\n",
      " [-2.67796682e+04 -1.98294833e-13  2.26510264e+04  3.33333333e+04\n",
      "   8.00781663e-12]\n",
      " [-2.18278728e-11 -2.33623389e-14  9.75711150e+01  8.00781663e-12\n",
      "   3.12241611e+02]]\n",
      "[[ 4.99760833e+04  1.61417045e-13 -4.22334566e+04 -2.67197314e+04\n",
      "   4.00177669e-11]\n",
      " [ 1.61417045e-13  8.56693093e+00 -1.43748513e-13 -2.05230859e-13\n",
      "  -2.34867171e-14]\n",
      " [-4.22334566e+04 -1.43748513e-13  3.57294256e+04  2.25801332e+04\n",
      "   9.75711150e+01]\n",
      " [-2.67197314e+04 -2.05230859e-13  2.25801332e+04  3.33333333e+04\n",
      "  -2.14015472e-11]\n",
      " [ 4.00177669e-11 -2.34867171e-14  9.75711150e+01 -2.14015472e-11\n",
      "   3.12241611e+02]]\n",
      "[[ 4.97494264e+04  1.66470348e-13 -4.20035634e+04 -2.66590715e+04\n",
      "   7.27595761e-12]\n",
      " [ 1.66470348e-13  8.56693093e+00 -1.47931536e-13 -2.12273551e-13\n",
      "  -2.36177364e-14]\n",
      " [-4.20035634e+04 -1.47931536e-13  3.55027687e+04  2.25083198e+04\n",
      "   9.75711150e+01]\n",
      " [-2.66590715e+04 -2.12273551e-13  2.25083198e+04  3.33333333e+04\n",
      "  -2.62900812e-13]\n",
      " [ 7.27595761e-12 -2.36177364e-14  9.75711150e+01 -2.62900812e-13\n",
      "   3.12241611e+02]]\n",
      "[[ 4.95206498e+04  1.71568885e-13 -4.17714843e+04 -2.65977039e+04\n",
      "  -1.45519152e-11]\n",
      " [ 1.71568885e-13  8.56693093e+00 -1.52144480e-13 -2.19422259e-13\n",
      "  -2.37556213e-14]\n",
      " [-4.17714843e+04 -1.52144480e-13  3.52739920e+04  2.24356016e+04\n",
      "   9.75711150e+01]\n",
      " [-2.65977039e+04 -2.19422259e-13  2.24356016e+04  3.33333333e+04\n",
      "   7.81597009e-12]\n",
      " [-1.45519152e-11 -2.37556213e-14  9.75711150e+01  7.81597009e-12\n",
      "   3.12241611e+02]]\n",
      "[[ 4.92898298e+04  1.76711048e-13 -4.15372952e+04 -2.65356444e+04\n",
      "  -1.09139364e-11]\n",
      " [ 1.76711048e-13  8.56693093e+00 -1.56385711e-13 -2.26676349e-13\n",
      "  -2.39006000e-14]\n",
      " [-4.15372952e+04 -1.56385711e-13  3.50431720e+04  2.23619944e+04\n",
      "   9.75711150e+01]\n",
      " [-2.65356444e+04 -2.26676349e-13  2.23619944e+04  3.33333333e+04\n",
      "   5.87618842e-12]\n",
      " [-1.09139364e-11 -2.39006000e-14  9.75711150e+01  5.87618842e-12\n",
      "   3.12241611e+02]]\n",
      "[[ 4.90570425e+04  1.81895246e-13 -4.13010717e+04 -2.64729087e+04\n",
      "   3.63797881e-12]\n",
      " [ 1.81895246e-13  8.56693093e+00 -1.60653608e-13 -2.34035193e-13\n",
      "  -2.40529034e-14]\n",
      " [-4.13010717e+04 -1.60653608e-13  3.48103848e+04  2.22875136e+04\n",
      "   9.75711150e+01]\n",
      " [-2.64729087e+04 -2.34035193e-13  2.22875136e+04  3.33333333e+04\n",
      "  -5.60618219e-12]\n",
      " [ 3.63797881e-12 -2.40529034e-14  9.75711150e+01 -5.60618219e-12\n",
      "   3.12241611e+02]]\n",
      "[[ 4.88223640e+04  1.87119909e-13 -4.10628894e+04 -2.64095124e+04\n",
      "   1.45519152e-11]\n",
      " [ 1.87119909e-13  8.56693093e+00 -1.64946569e-13 -2.41498177e-13\n",
      "  -2.42127655e-14]\n",
      " [-4.10628894e+04 -1.64946569e-13  3.45757062e+04  2.22121748e+04\n",
      "   9.75711150e+01]\n",
      " [-2.64095124e+04 -2.41498177e-13  2.22121748e+04  3.33333333e+04\n",
      "  -4.22772928e-12]\n",
      " [ 1.45519152e-11 -2.42127655e-14  9.75711150e+01 -4.22772928e-12\n",
      "   3.12241611e+02]]\n",
      "[[ 4.85858699e+04  1.92383491e-13 -4.08228233e+04 -2.63454713e+04\n",
      "  -1.45519152e-11]\n",
      " [ 1.92383491e-13  8.56693093e+00 -1.69263011e-13 -2.49064701e-13\n",
      "  -2.43804236e-14]\n",
      " [-4.08228233e+04 -1.69263011e-13  3.43392121e+04  2.21359938e+04\n",
      "   9.75711150e+01]\n",
      " [-2.63454713e+04 -2.49064701e-13  2.21359938e+04  3.33333333e+04\n",
      "   7.89412979e-12]\n",
      " [-1.45519152e-11 -2.43804236e-14  9.75711150e+01  7.89412979e-12\n",
